,LLC-load-misses,LLC-loads,LLC-store-misses,LLC-stores,blocks,bytes,cycles,instructions,ref-cycles,rss,pkg_pwr,ram_pwr,power
0,984,2290,0,0,0,0,346178,78460,346196,54578,132.16,15.85,192.2
1,994,2262,0,0,0,0,361808,84102,361790,54578,127.42,15.31,192.6
2,5896,298580,8870,60780,0,0,7215774094,16077311604,7234911704,54578,131.27,15.66,201.8
3,19390,642358,29406,126940,0,0,9578234538,21101812368,9582863962,54578,134.23,15.78,201.2
4,15434,397164,12366,77752,0,0,6880842660,15228091588,6879627244,54578,128.66,15.57,209.5
5,232,518,0,0,0,0,83570,13498,83536,54578,131.1,15.54,199.4
6,1728,3692,0,0,0,0,602618,144734,602738,54578,128.55,15.52,199.7
7,17416,390552,10618,68628,0,0,7677070118,16812913608,7677226530,112709,136.23,16.06,199.7
8,9664,314254,10222,75716,0,0,9150097194,18231701674,9162960012,112709,134.73,15.92,200.0
9,14328,392732,20818,78902,0,0,9620925346,21183905090,9620467624,112709,131.23,15.76,210.2
10,202,404,0,0,0,0,61084,11110,61088,112709,130.11,15.45,201.0
11,1776,4048,0,0,0,0,662162,157446,662216,112709,125.65,15.3,201.1
12,9872,314940,15110,67166,0,0,6954059016,15354703256,6952954494,112709,148.09,16.19,200.8
13,16896,437412,25010,114388,0,0,8360012470,18790114554,8385662908,112709,178.7,17.17,200.4
14,32370,725480,37704,165630,0,0,9073552938,20035047568,9086038148,112709,176.9,16.79,268.6
15,194,420,0,0,0,0,60952,11110,60950,276685,178.86,16.93,259.9
16,1652,3964,0,0,0,0,627408,146462,627486,276685,178.13,17.04,260.1
17,16984,485334,17652,97858,0,0,8685281692,19386139612,8704165734,362124,177.1,17.03,260.5
18,42780,640586,50524,133148,0,0,8769071918,18881723470,8778428456,362124,178.49,17.07,260.5
19,12010,295076,7172,67244,0,0,8805966670,20572630140,8812840104,362124,178.25,17.1,260.6
20,966,2356,0,0,0,0,357114,79650,357144,467365,176.26,17.03,260.9
21,974,2150,0,0,0,0,351096,84040,351164,467365,178.44,17.11,260.8
22,12676,386798,12832,61202,0,0,8781718740,18835360982,8795086754,562089,178.32,17.1,260.9
23,11074,178644,17678,54520,0,0,6687938746,11658775410,6686946088,562089,176.84,16.95,261.1
24,18114,411626,24712,97114,0,0,9693239768,21284467330,9722577282,562089,177.6,17.09,261.0
25,986,2190,0,0,112,57344,328082,77968,328210,669706,178.45,17.2,261.0
26,984,2300,0,0,16,8192,331926,78380,331890,669706,176.34,17.01,261.1
27,10226,348260,12646,76860,0,0,6627069246,14727599200,6620454328,751805,177.8,16.91,261.1
28,14410,466746,15560,79174,0,0,10071531954,22266840786,10080974618,751805,178.12,16.92,261.0
29,18768,387466,22826,75012,0,0,7781074310,17544192138,7777094306,751805,176.4,17.11,261.2
30,960,2016,0,0,48,24576,260800,78550,316480,836611,178.21,17.07,261.1
31,982,2158,0,0,32,16384,251574,78350,316710,836611,178.35,17.11,261.1
32,8126,271102,8938,51484,0,0,7135001098,15701200192,7151180940,920661,177.32,16.93,261.3
33,9394,502648,7486,107914,0,0,9511644368,21207625230,9520015730,920661,177.67,17.15,261.4
34,5780,408084,6830,58462,0,0,7002250190,15596721278,6998868906,920661,178.01,17.1,261.2
35,1772,4298,0,0,0,0,573132,145160,635996,1021763,176.56,16.93,261.5
36,994,2404,0,0,2272,1163264,273518,79488,331154,1021763,177.3,17.03,261.3
37,13056,473928,22714,87646,0,0,6222252400,13900178302,6244572766,1086621,178.46,17.14,261.2
38,32110,318322,20472,56978,0,0,10642944860,26863986440,10636981782,1086621,177.39,16.88,261.3
39,7036,37088,10172,18422,0,0,8110654306,21541364764,8112100818,1086621,177.91,16.97,261.4
40,4470,10548,0,0,0,0,298988,528420,1319740,1173020,178.51,17.07,261.3
41,820,4054,0,0,4240,2170880,300206,167710,300196,1173020,176.97,16.97,261.5
42,10796,50844,12226,19252,0,0,10172310576,26854001534,10174038890,1235920,177.65,17.04,261.5
43,14940,56182,10912,17140,0,0,8119623348,21012030652,8121244974,1235920,178.31,17.06,261.5
44,10028,51082,12780,21222,0,0,10181672268,27056285602,10182603680,1235920,177.66,16.81,261.5
45,3958,9652,0,0,0,0,249338,96584,249366,1235920,177.68,17.06,261.6
46,4440,6954,0,0,1600,819200,219044,96492,219098,1235920,178.55,16.98,261.5
47,12116,50074,10256,16634,0,0,8136834084,21001005494,8137622378,1253710,176.92,16.98,261.6
48,9734,262196,18640,81896,0,0,10031045184,24200038226,10050501798,1253710,177.9,17.01,261.7
49,5770,338242,8670,50092,0,0,7214781264,15795529154,7213044546,1253710,178.3,17.04,261.6
50,43719384,768129810,24973936,164373526,0,0,150672273708,58313016428,151228253280,1255009,177.24,16.97,261.6
51,54217778,924764494,29615544,191591508,8,4096,178362359094,69198549788,178860422240,1255009,177.04,17.01,261.7
52,67039848,1026979628,34331936,221298552,3920,2007040,208243213076,97783738560,208854445266,1255009,178.95,17.1,261.6
53,28046,554354,25318,97216,0,0,6023863778,13194123850,6033655190,1255009,176.87,17.06,261.8
54,18864,455048,21472,74736,0,0,8002989266,17904758382,8000778048,1255009,177.86,17.04,262.0
55,61010398,909360072,31368544,194577940,80,40960,176043270982,69146232074,176517534662,1255009,178.07,17.02,262.0
56,68676804,890950134,35205036,200286656,0,0,179373263608,69551124218,179815860710,1255009,177.9,17.15,262.1
57,15894,496706,20906,113142,0,0,7642864742,17105703614,7678649374,1256229,177.5,16.93,262.3
58,59564940,895685634,30509216,192918566,0,0,180388800514,84306622466,180853565302,1256229,178.6,17.15,262.2
59,4114,245746,5960,36372,0,0,8249722810,18242790846,8250818582,1256229,177.39,16.88,262.3
60,63568542,934415766,32500154,200708666,24,12288,182129936834,70532237326,182688163720,1256332,178.05,16.93,262.5
61,55979230,755527212,27594510,161984716,8,4096,147745959282,57662846468,148082646088,1256332,178.09,17.0,262.4
62,56674096,806612620,28621926,171276632,0,0,164396262078,77970347620,164823542732,1256551,178.23,17.05,262.5
63,6468,532820,14870,101284,0,0,9908269412,22089880234,9906038460,1256551,177.99,17.14,262.6
64,8182,389356,12976,86148,0,0,6574320828,14577567928,6577888416,1256551,178.07,17.19,262.7
65,63584822,893715524,32163268,195229992,168,86016,173694043344,67485659002,174166800308,54578,177.76,16.97,262.7
66,68337070,933876908,34140902,203829204,0,0,184340646872,71421009176,185014493416,54578,177.78,17.02,262.8
67,51297278,745981756,26083176,160161560,2288,1171456,151661902692,71527002998,152047454656,54581,177.7,17.14,262.7
68,13284,456082,15746,98988,0,0,9498033116,20698970554,9487575958,54581,177.78,17.02,262.8
69,11660,376044,10754,85412,0,0,8917490580,20081403112,8935813236,54581,177.64,17.03,262.8
70,48468844,665558974,24324476,146499218,288,147456,128627139364,49866310814,129495833524,54581,177.88,17.1,262.7
71,61701322,927244912,31489104,199655000,0,0,178646172018,69365598344,179190290258,54581,178.27,17.0,262.7
72,7646,324140,9936,57300,0,0,9663758240,21596000244,9657266916,110533,148.24,15.99,262.8
73,50390150,689550534,24751288,149849310,0,0,141110321834,66464690108,141466854390,110533,123.52,14.82,262.8
74,11126,432302,12064,100784,0,0,8867365570,17640315150,8860000688,110533,121.58,14.62,199.7
75,70794806,936766616,35109546,203174686,0,0,184930571128,71075823516,185428614996,110533,123.34,14.85,186.5
76,48983188,750620222,25134754,156765710,0,0,143831968168,55066481570,144183533776,110533,122.95,14.72,187.0
77,17180,504276,13032,98698,0,0,9744322630,21209727830,9751923786,110533,123.04,14.84,195.3
78,52966714,716208080,26410930,156420054,0,0,147594720206,68767933960,148047851082,110533,123.85,14.81,194.7
79,13086,461644,9480,94388,0,0,8310444714,18586227278,8335563718,110533,121.56,14.69,194.6
80,64111790,954745492,32539546,200063446,0,0,180955157980,70025655040,181542131036,293656,122.22,14.76,194.3
81,53620754,792790250,27962832,173854562,0,0,156842154798,60604643224,157282843416,293656,122.43,14.69,194.0
82,18920,689034,33288,167838,0,0,8088014946,17980892848,8102088582,405862,147.06,15.8,194.0
83,64558780,835668242,30945284,182930074,0,0,173521018512,84240947902,173882897118,405862,179.56,16.77,193.4
84,8666,314654,14484,52148,0,0,6618104978,14801418616,6620525092,405862,178.17,16.46,259.0
85,66055424,918242134,33180226,199577802,0,0,178408334134,68811443266,178970854298,497906,179.2,16.65,259.5
86,69850358,954132904,34478796,208351634,0,0,194768114578,93403692176,195263110516,497906,178.71,16.79,260.0
87,62421592,865696408,31510632,187583876,3992,2043904,179789312512,86177106338,180422573078,582418,178.55,16.7,260.5
88,52896646,727901860,26492158,160269402,0,0,149801730432,71307071928,150106948856,582418,178.07,16.81,260.9
89,9508,349418,8594,76742,0,0,9497885006,21266132088,9502113424,582418,179.47,16.8,261.2
90,71931098,912093838,34561234,198569840,0,0,178888385620,69138466264,179388901516,687820,178.06,16.85,261.5
91,67599048,873535416,33372406,190575588,0,0,179288385448,85603391922,179887294582,687820,178.1,16.89,261.8
92,51066428,707683924,25537890,153581030,0,0,144968028660,70263772912,145335529784,772186,179.5,16.74,261.9
93,73660320,969863840,36403016,214108028,0,0,199225731604,95902168304,199800529538,772186,178.4,16.78,262.2
94,7368,318916,13704,65806,0,0,7030535400,15743937104,7051694056,772186,178.29,16.72,262.5
95,68947116,898411072,33668858,195935880,0,0,176329984488,68983302968,176767442980,836986,179.29,16.87,262.5
96,53184724,780832948,26772874,168292140,0,0,157965747220,74452428184,158427050216,836986,178.47,16.79,262.6
97,64633342,881344696,31870934,190735926,0,0,181092066780,85834064050,181698878566,919400,178.71,16.82,262.8
98,61766296,904065616,30965008,191400372,0,0,181888372786,85474596934,182389172312,919400,177.87,16.86,262.9
99,14204,503362,14104,109086,0,0,8403431396,18625543258,8408174986,919400,178.73,16.88,263.0
100,55155902,760862680,27635168,164543010,0,0,148543078752,57384742886,148972105572,1038522,178.37,16.84,263.0
101,67127862,935701050,32639136,199711934,0,0,191222408254,91872338478,191738162400,1038522,178.76,16.73,263.1
102,58223368,735106530,28201292,163374820,0,0,150982243132,71812335286,151458222746,1094154,179.11,16.78,263.1
103,71593010,939941042,34649526,206013890,0,0,193178505942,91433163270,193490762732,1094154,177.99,16.77,263.2
104,8630,293352,9792,53764,0,0,9089357652,20464949520,9102619784,1094154,178.25,16.77,263.2
105,55253148,728034124,26823410,158117298,0,0,141902577846,54907021840,142264738058,1156280,178.64,16.63,263.1
106,65735180,919243470,33295250,203715628,0,0,189483580188,90032691888,190120782234,1156280,177.96,16.9,263.2
107,64165658,876711812,32048248,194574094,0,0,179490737576,85215975200,179976508252,1218650,178.42,16.87,263.1
108,30673108,398213776,14278854,83298434,0,0,85530325342,51592294650,85771873720,1218650,179.13,16.87,263.1
109,8266,39816,12274,16996,0,0,8395738002,22107180950,8410308868,1218650,178.24,16.88,263.2
110,1666,10374,342,0,0,0,534610,193336,534704,1250066,178.9,16.73,263.3
111,9464,39964,12314,17044,0,0,8116834294,21402801422,8118046722,1250066,178.98,16.84,263.2
112,31950,476462,33352,66628,0,0,10158733102,26739371810,10160994656,1251250,178.72,16.82,263.3
113,19392,54194,11958,16384,0,0,8131323694,21471877898,8134292524,1251250,178.69,16.72,263.4
114,9762,49084,13886,21038,0,0,10097722282,27032468058,10099368770,1251250,179.6,16.83,263.4
115,5348,8082,0,0,0,0,239830,506060,955052,1251250,178.07,16.69,263.5
116,11694,42010,10762,16690,0,0,8095786948,21234461562,8097806084,1251250,178.93,16.87,263.6
117,14502,53470,14848,22056,0,0,10089991028,26658543490,10091912462,1251593,178.96,16.98,263.5
118,22939480,350081476,12403148,81010632,0,0,78012069086,48833541464,78773890924,1251593,178.14,16.98,263.5
119,8284,321112,20666,100734,0,0,8819908768,19539915512,8841063780,1251593,178.21,16.82,263.6
120,56566350,866372784,29289770,183430832,0,0,168403291560,66220365030,168822304594,1254778,179.28,16.92,263.5
121,43855372,677753078,22943082,145463100,0,0,138000858442,65735074016,138422912416,1254778,178.08,16.82,263.6
122,59730292,917747862,32342258,199665858,0,0,188116004432,90021123064,188617846952,1254827,178.65,16.91,263.8
123,66824716,937142868,34461686,203805886,0,0,193785536784,92663741852,194313824482,1254827,179.18,16.94,263.8
124,19268,752856,21442,140838,0,0,8007856902,17874231208,8004409704,1254827,178.45,16.98,263.9
125,63771946,864683010,32994528,195039008,0,0,172499034148,66825779972,173103232184,1254908,178.59,16.95,264.1
126,51165998,700331496,25937846,154530648,0,0,144809908440,69547701746,145122586174,1254908,178.91,16.95,264.1
127,61983868,901204916,30977996,193787402,0,0,182795529014,85146054170,183157101226,1256248,178.52,16.94,264.1
128,65764004,938877112,33264834,202051780,0,0,192256570324,85656837936,192840031140,1256248,178.67,16.96,264.2
129,8572,314688,10116,67552,0,0,6907665060,15464221356,6922966896,1256248,178.87,16.95,264.2
130,59981280,889419560,30379042,191171128,0,0,170591937094,66554286554,171034990148,54591,178.38,16.83,264.4
131,62606020,828932064,31128848,183804740,0,0,172698849252,81656952376,172708273914,54591,178.98,16.8,264.5
132,67555168,887391210,33409926,192074088,0,0,182062528562,88125175042,183105817534,54591,179.28,16.97,264.5
133,62691334,968682438,32029608,204874242,0,0,192439658878,88496438344,193066201990,54591,179.06,16.93,264.6
134,9764,455844,14168,96170,0,0,8484726522,19020947958,8491907326,54591,178.23,16.86,264.8
135,50118654,708733372,25494828,155400960,0,0,138915888358,53839387154,139351522964,110869,179.0,16.94,264.8
136,66647986,956732758,33490212,203471710,0,0,191916951392,91731297512,192410567708,110869,178.7,17.0,264.8
137,19132,451780,15924,75372,0,0,8499857766,18892951216,8509922906,110869,178.85,16.93,264.9
138,65734674,896598602,32833046,194824830,0,0,175999212156,68536165548,176430943884,110869,178.63,16.97,264.9
139,13488,469674,16824,91570,0,0,8569290852,19370822576,8572691826,110869,178.74,16.88,264.9
140,50574646,732541628,26154910,159979858,0,0,142766752582,55231687598,143284297530,110869,178.52,16.85,265.0
141,74483958,939876642,36444446,205913132,0,0,193765486706,92380139160,194383222318,110869,178.67,16.87,265.0
142,15886,419454,20704,79238,0,0,7001942334,15829449282,7005147064,273933,142.17,15.54,264.9
143,69717336,893561410,33115992,191806106,0,0,172176287090,66967860686,172678619228,273933,121.88,14.74,265.0
144,8338,456832,9858,85856,0,0,8676300724,19381129786,8696285400,273933,123.92,14.82,208.7
145,57970554,919445614,29475296,188649324,0,0,172790134184,67350473952,173180622028,350381,122.21,14.82,186.8
146,49739328,694002146,25242690,151318826,0,0,141774257770,68443620730,142217950624,350381,122.71,14.76,196.3
147,17954,506870,26408,102438,0,0,9058606064,19985319646,9073833234,462532,123.97,14.76,195.7
148,45863464,785354472,23892334,162314528,0,0,147947388928,57229518396,148366464840,462532,121.58,14.71,195.8
149,8202,495562,8442,91408,0,0,8728627888,19378424130,8725608860,462532,124.3,14.75,195.4
150,69995576,944259606,35284546,206571530,0,0,185637276892,71531951724,186382213930,553678,121.28,14.61,195.3
151,7246,432768,6788,92098,0,0,7015500144,15217466170,7023069664,553678,122.83,14.69,195.1
152,9412,427672,12592,87232,0,0,8880717280,19768395880,8894656910,643525,156.42,16.1,194.8
153,70859068,999319902,35965232,217492744,0,0,194873060458,75317478438,195541757070,643525,178.7,16.69,194.9
154,9510,731970,8694,136658,0,0,5379701192,11867834092,5371085982,643525,179.36,16.77,251.8
155,63179140,897386000,31059178,191631010,0,0,172548737634,67430033750,173020875398,722382,178.59,16.69,265.0
156,58628972,770193682,28754186,167393900,0,0,157818167226,76503211666,158315357756,722382,178.68,16.78,265.1
157,70760956,946021618,35574928,207558782,0,0,195433407636,93227091714,195876203678,807336,178.66,16.83,265.0
158,63373336,879203794,31074528,190183200,0,0,176547017228,85666481200,177134345164,807336,179.46,16.76,265.0
159,5176,210244,4778,41788,0,0,7451327216,16703847914,7456640538,807336,177.56,16.83,265.0
160,69432632,905490806,34490188,197627154,0,0,178525576972,69249535282,179062221270,884266,179.08,16.82,265.0
161,68013952,952106302,33346442,203826536,0,0,192872548034,92666946456,193311899180,884266,178.9,16.79,264.8
162,52415016,744028996,26552486,161534536,0,0,143971810754,55943399982,144449665684,958317,178.51,16.82,264.9
163,29264,644892,28376,111882,0,0,8191087034,18153036904,8189208732,958317,178.0,16.83,264.9
164,7336,370236,7520,86856,0,0,7686349868,17367158742,7704369230,958317,179.68,16.61,264.8
165,62448678,844098202,31749234,186038840,0,0,165295847162,63985169000,165915179618,1054960,177.99,16.87,264.7
166,67574646,931746548,34154906,203946858,0,0,193037835844,92227946658,193632874856,1054960,178.67,16.84,264.9
167,67155480,895888560,32570894,195308924,0,0,183901908678,88639791948,184476106206,1119473,179.39,16.81,264.7
168,65060584,856198330,31828520,187627894,0,0,175764256952,83144582804,176280546038,1119473,177.54,16.96,264.8
169,9012,348768,11960,56544,0,0,8894017342,19884325166,8902279586,1119473,178.76,16.82,264.9
170,45660326,666766070,22897936,145259110,0,0,129693136626,51184652210,130043328608,1183002,179.53,16.78,264.7
171,71405386,926361516,34800266,202766810,64,32768,191409977624,91294081692,191867364994,1183002,178.65,16.9,264.8
172,66000914,866656762,32598990,190768868,0,0,169737285516,65796123238,170378913690,1221504,178.77,16.96,264.9
173,16160,673826,18920,122264,0,0,7870604880,17360257480,7871550256,1221504,179.04,16.9,264.9
174,11928,280522,9348,51550,0,0,6472729614,12615178118,6496974752,1221504,178.01,16.81,264.9
175,82300064,1075032184,41219404,239588782,0,0,212749700866,82073446386,213455080058,1224868,178.16,16.98,265.0
176,50925116,670561080,24962364,147323568,0,0,137216110536,66878734098,137637161540,1224868,179.71,16.79,264.9
177,63854180,883923018,31697860,190422524,0,0,178897748952,86221253208,179446360602,1225424,179.02,16.94,264.8
178,43946306,572925892,21309688,123637216,0,0,120124991662,64812160122,121764619888,1225424,177.88,16.73,265.0
179,11656,55330,14392,21118,0,0,10156012680,29123212374,10157450686,1225424,180.06,16.77,265.1
180,5047306,9548496,858506,1554112,0,0,3815308206,5728047792,3989619664,1225424,178.7,16.96,264.9
181,7126042,12243494,1102034,1678132,0,0,15301932208,37146074356,15461173102,1225424,178.42,16.73,265.1
182,4819258,8242584,812936,1434896,0,0,11457005230,27924761060,11563511494,1225718,179.84,16.68,265.1
183,6822660,11263454,749788,2160350,0,0,15052350972,35239354772,15222799976,1225718,178.91,16.92,265.0
184,10858,51048,15130,18604,0,0,8349420424,23779064636,8350710104,1225718,178.11,16.86,265.1
185,7078416,11430756,932012,2284292,0,0,4879126480,7019650576,5002350552,1253312,179.96,16.77,265.1
186,259934,451646,43682,123778,0,0,8397623002,22730424178,8389868156,1253312,179.02,16.84,265.0
187,1584,2874,0,0,0,0,435494,130606,435574,1253312,178.1,16.73,265.2
188,6842,34774,10172,16972,0,0,8082684388,21237269408,8083911656,1253312,179.29,16.84,265.2
189,13534,56440,17720,21908,0,0,10154083992,28770123214,10155670044,1253312,178.91,16.83,265.1
190,944,1650,0,0,0,0,222390,96696,222410,1254910,177.61,16.88,265.2
191,12226,55344,16086,21762,0,0,10134679244,27799776934,10136280446,1254910,178.9,16.82,265.2
192,9010,16078,0,1200,0,0,2677778,1546002,2677706,54646,179.23,17.09,265.0
193,11622,46922,15022,21874,0,0,10144074262,27072147708,10145699950,54646,177.52,16.85,265.0
194,8562,40448,12566,17074,0,0,8073288568,21983796640,8074534896,54646,179.49,16.86,265.1
195,998,2298,0,0,0,0,242468,96004,242512,55299,178.93,17.01,264.9
196,71766,459062,15018,20688,0,0,10108365362,28352327078,10147066006,55299,178.31,16.85,265.0
197,12448,50138,11412,17696,0,0,8097421110,22402605452,8099531874,55372,179.01,16.86,265.1
198,15660,61216,13198,20874,0,0,10090635284,27641986108,10093121562,55372,179.42,16.86,265.0
199,7732,37352,11526,17040,0,0,8073894236,21395846818,8075378642,55372,178.25,16.82,265.0
200,4744,7622,0,0,0,0,303064,108406,902384,55384,178.53,16.9,265.1
201,12562,49950,10436,17860,120,61440,8079466638,21645060440,8082534308,55384,178.89,17.01,265.0
202,37242318,388497342,22915630,100349378,0,0,98661165120,49794658598,99955543356,54741,178.57,16.87,264.9
203,56482588,609122880,36719434,154659956,0,0,164753600434,69585527634,166146555168,54741,177.98,16.84,265.0
204,13200,375042,20016,83030,0,0,10813244006,23942463364,10811585364,54741,179.29,16.85,264.9
205,54888810,589087750,35507440,149090472,0,0,146774567816,46260902520,148335630164,54741,178.25,16.93,264.8
206,54265020,580212570,35907956,146189490,0,0,161919289876,66866839204,163204389172,54741,178.28,16.79,264.8
207,59384826,626618210,37400044,157134232,0,0,150540955180,47714032724,151780801134,54741,179.25,16.91,264.8
208,5246,228676,6660,38348,0,0,9019987846,20044122878,9022791382,54741,178.2,16.8,264.7
209,3694,195902,5234,32150,0,0,7508829260,16721228394,7511365558,54741,178.21,16.89,264.8
210,59045702,617061824,37731828,158568480,0,0,152556718938,48162164576,154144922056,54741,179.32,16.99,264.7
211,57883054,606771740,36799256,152643082,0,0,162654909720,68337579158,163500257530,54741,178.64,16.87,264.6
212,58105074,592378720,36096680,150251440,0,0,156624657302,66610680768,157865351650,54741,137.85,15.55,264.8
213,54125646,586059724,34824300,146835410,0,0,153929749486,65541644062,155240505266,54741,126.74,15.13,264.8
214,5922,254730,5286,43270,0,0,9798718442,21730686342,9799723738,54741,127.84,15.09,219.8
215,56634920,594379354,35948116,150577230,0,0,147843763856,46588523260,149143110012,54741,127.75,15.14,192.2
216,55865462,597042914,35487734,150302818,0,0,158530372154,67278937432,159793553824,54741,127.03,14.98,200.8
217,55462506,601445916,35469744,148828588,0,0,156060195344,66833553258,157225545602,112010,126.2,15.21,200.5
218,56616148,592910558,35923582,150868184,0,0,160135359860,67319089040,161466340274,112010,130.77,15.35,200.5
219,7366,296640,9396,46140,0,0,9612119540,21485228986,9615245950,112010,128.81,15.3,200.0
220,55674618,580752300,34802044,145804700,168,86016,143834692724,45239003774,145075945986,112010,127.31,15.07,200.5
221,56869636,608473944,36762552,150391716,0,0,165199158308,69140497274,166518715496,112010,124.83,14.81,200.7
222,58348860,605278490,35931388,150683096,0,0,156896019952,66758139806,158183068690,112010,121.71,14.79,200.4
223,57404612,604379248,36059478,150583530,0,0,158796958124,67224023696,160030673920,112010,128.32,15.01,200.1
224,6088,264712,5744,46888,0,0,9050550038,20019927834,9050262598,112010,123.77,14.74,191.1
225,45034890,481661712,28337194,119877080,0,0,118178600274,37077559538,119063753512,263239,123.95,14.77,201.3
226,59070282,639011614,38319574,160229182,0,0,173319706744,72805670598,174643494446,263239,126.0,15.34,194.4
227,56602240,613858522,36800302,153526920,0,0,165696469552,69566911450,166998306588,359651,121.04,14.74,194.5
228,59155546,625658760,37955358,157915648,0,0,167161965858,70152669518,168427264852,359651,124.92,14.89,195.1
229,7804,286636,11114,78808,0,0,8835265762,19686507394,8855822384,359651,119.23,14.64,189.7
230,55705504,576814154,34790826,146376080,0,0,142512475464,44723702768,143825873700,469704,124.18,14.71,198.1
231,55856972,584775676,35320714,147957264,0,0,154574059150,65694479122,155754439860,469704,120.55,14.72,188.4
232,59713468,634791068,37584816,158351688,0,0,165895046692,70243229362,167264367654,575428,121.48,14.78,195.6
233,57373818,591976532,36041632,149948228,0,0,155437315708,66539147794,156849792730,575428,125.66,14.92,195.3
234,6714,311300,7872,53394,0,0,9067584356,20106980122,9067501556,575428,115.56,14.55,189.3
235,55078462,575605814,34136768,144497484,0,0,140683964392,44270981082,141893296256,680133,136.59,15.27,197.8
236,57675234,617418194,37532976,153502728,0,0,171324471280,70941148480,172695818394,680133,172.01,17.18,185.1
237,55129134,576961096,34818690,144628264,0,0,150945896980,64949211534,152073171250,763579,171.5,16.9,200.3
238,57881014,602485828,35945214,151291498,0,0,156115966658,66673199304,157415555608,763579,172.52,17.05,264.0
239,6334,229182,6392,40158,0,0,9013191654,19918818446,9015164280,763579,170.96,16.82,246.9
240,54499540,581562286,34694606,144731090,0,0,142262931112,44780743410,143377559420,861949,171.59,16.83,254.7
241,57155940,585641778,36058808,146990138,0,0,156624744962,66324929424,157889525980,861949,172.22,16.97,254.5
242,55520554,583433634,35381424,146899768,0,0,155920502694,66151919702,157112388028,947221,170.97,16.91,261.4
243,60024164,623876012,37123218,157833578,0,0,160546187538,68431479786,161898325146,947221,171.78,16.89,260.8
244,4510,237750,5694,40638,0,0,9605290020,21311059002,9609423054,947221,171.41,16.81,246.7
245,57712526,598183444,35868842,149758096,0,0,146136422724,45702234884,147336020266,1081059,171.61,16.94,253.5
246,56177606,590194400,35492632,147863480,0,0,155105302002,65894864072,156247089910,1081059,170.39,16.82,253.5
247,43614282,467411290,28153984,117051312,0,0,123418588440,51309407540,124673295484,1143151,172.31,16.93,262.5
248,62081484,650205628,38846312,163836042,0,0,168595649880,71887337542,169732238504,1143151,171.8,16.93,247.5
249,4940,232682,5554,55468,0,0,9153191906,20464698284,9164285556,1143151,170.88,16.84,254.3
250,56462042,591301008,35687546,148288746,0,0,146325629798,46058526178,147588276674,1215865,171.94,16.89,254.2
251,57936398,597659146,36580414,152034166,0,0,159323652588,67484173010,160568434040,1215865,171.58,16.96,254.1
252,55460500,573688682,34596410,144427302,0,0,148485757780,63285139394,149660044456,1234808,170.77,16.85,261.8
253,55913236,580035902,34526512,145826226,0,0,148873557002,63260360676,150046416606,1234808,172.89,16.97,249.2
254,4054,226640,6222,39384,0,0,9249619884,20794837104,9252104622,1234808,170.37,16.86,249.6
255,57692658,601395170,36169192,152062766,0,0,148855339002,46669425116,150113910170,1234857,171.8,16.86,255.1
256,57353494,591664428,35120644,148260018,0,0,149311183122,64487470376,150540883348,1234857,172.25,16.97,254.7
257,58772488,608082214,37429164,153583162,0,0,165253394666,68886389232,166732854752,1234857,171.7,16.91,262.0
258,55762176,576858696,34371414,143671930,0,0,148322051380,63926163920,149698350606,1234857,171.45,16.81,249.2
259,7032,340992,19350,75934,0,0,8634014828,19117111506,8628681550,1234857,172.01,16.84,249.8
260,55195134,578040306,34714428,144020494,0,0,143455083542,44886611836,144740664464,1234857,171.18,16.81,250.2
261,59680338,607571610,37169072,153207660,0,0,160345934286,67802357872,161660037182,1234857,171.76,16.92,250.7
262,19413104,197608636,11570654,46320766,0,0,56257113248,42252755300,57982625156,1234857,172.13,16.95,260.9
263,9962,38624,11660,16960,0,0,8305202722,22024583742,8307436978,1234857,171.77,16.91,249.2
264,8918,35754,11168,16578,0,0,8366443948,22183190866,8367737598,1234857,171.22,16.95,249.8
265,960,2592,0,0,0,0,273502,116752,273516,1252947,172.62,16.89,250.3
266,36666,424422,34114,100168,0,0,8101705294,21149683056,8104570106,1252947,171.04,16.93,250.7
267,18436,62836,13734,19792,0,0,10164708930,26792677202,10166975084,1255593,171.56,16.92,262.3
268,15412,52042,13594,20012,0,0,10101660852,26401641554,10104282826,1255593,172.28,16.89,248.6
269,9520,39244,11134,16556,0,0,8170129188,21735432790,8171207112,1255593,171.86,16.92,249.2
270,5472,8522,0,0,0,0,294580,503202,1090936,1256181,171.09,16.78,249.8
271,11866,41260,10772,16228,0,0,8092370642,21226459562,8093711600,1256181,172.87,17.03,250.4
272,30861818,325794052,19022260,82740990,0,0,83916387210,44789813306,85118308388,1258092,170.99,16.82,250.6
273,57803124,610332068,36310218,155213636,0,0,158874530874,68225779946,160212616074,1258092,171.9,16.78,263.1
274,4296,278796,15550,56910,0,0,9356398758,20728219108,9355971284,1258092,171.95,16.88,256.2
275,57814686,612734724,36770226,153283264,0,0,150141473600,47447474170,151485429174,1258092,171.48,16.86,246.7
276,56385350,594688762,36709456,149549876,0,0,162800803616,68207747982,164161857994,1258092,171.85,16.94,254.7
277,56923760,598950542,35973384,150178722,0,0,153137409024,65879545356,154264928510,1258092,172.81,16.9,254.4
278,60261636,624385880,37931812,157760346,0,0,162325115096,69179542798,163662552788,1258092,170.8,16.88,254.4
279,6302,254082,13718,52160,0,0,9193796314,20436398838,9197771540,1258092,172.02,16.92,254.5
280,60029356,628687326,38039664,159588958,0,0,152505825166,48281565326,153555595212,1258092,172.04,16.85,254.3
281,59971486,623045452,38166326,157561954,0,0,165995411976,70140929258,167515791262,1258092,172.08,16.96,254.2
282,58768304,604760180,36494998,152111290,0,0,156878065866,67271792398,158070136062,1258484,171.65,16.92,254.2
283,59480508,616009362,36536850,154178952,0,0,156763435638,67307941490,157844269264,1258484,172.6,16.88,254.2
284,5442,231110,6610,37632,0,0,8789529350,19435630174,8792435304,1258484,171.28,16.9,263.1
285,56331658,589622184,35791704,148466974,0,0,148860755250,47061943910,150143198236,54759,171.63,16.9,247.7
286,57593002,594640714,35738440,151324570,0,0,147278912218,46657565472,148491503370,54759,172.61,16.97,254.1
287,6302,284162,8822,43010,3824,1957888,8994403992,19769674228,9001750226,54759,171.74,17.02,254.0
288,55155076,582813558,34564798,145504992,0,0,153168922526,64828940450,154479024970,54759,171.41,16.89,254.0
289,5952,271430,5610,53266,0,0,9311454354,20470301316,9315190040,54759,172.86,17.05,254.1
290,56460532,603533924,35866750,151618546,0,0,149039104100,47165284098,150220950040,112399,170.91,16.87,254.0
291,58005324,613543626,36309636,153400336,0,0,154133619452,48407074420,155494989754,112399,172.06,16.91,254.1
292,3918,231928,4738,49816,0,0,7085019474,15377230498,7101807268,112399,172.58,17.01,254.0
293,60231990,648399058,37516202,158483840,0,0,164542641014,70717120450,165761712926,112399,171.32,16.9,254.0
294,4006,226200,3684,38432,0,0,9323598352,20285433916,9328845380,112399,171.75,16.98,263.4
295,53618244,584965576,34286288,144265408,0,0,143484429450,45181957950,144596704580,112399,151.63,16.0,247.4
296,56833012,610380820,36126002,151900636,0,0,150731399694,47489681826,151995931440,112399,120.11,14.68,254.1
297,8106,273578,7758,80950,0,0,9806202094,21340485248,9824251868,273850,124.15,14.82,253.8
298,55408150,597626352,35129318,147781544,0,0,155401696746,66497760162,156718571950,273850,122.4,14.81,192.6
299,5960,247334,9550,49476,0,0,9551317444,21122338750,9558176632,273850,121.61,14.74,192.6
300,55255752,580440402,35092080,146343594,0,0,147888201212,46348005826,149151727862,365254,124.64,14.87,192.9
301,56412820,589859994,35088592,146967172,0,0,143448385176,45375107372,144755689624,365254,120.63,14.7,192.8
302,5670,207966,4586,31138,0,0,7492028486,16524363130,7491580552,481537,125.16,14.94,193.2
303,68913766,733405812,43904912,182147726,0,0,195162348740,82600484298,196770763638,481537,121.14,14.63,193.0
304,6314,222784,6508,38152,0,0,8956996546,19880595500,8960531778,481537,121.18,14.7,193.1
305,55976856,606293088,35612970,149569802,0,0,147794951446,46544897134,149006505270,580936,142.45,15.68,193.2
306,45027844,468883498,28350362,118155930,0,0,119153053866,37278266032,120156789790,580936,171.88,17.15,193.1
307,10018,385722,7342,50026,0,0,10816795036,23798487680,10818806230,696659,171.68,16.91,193.3
308,55727840,594870360,34520390,147554204,0,0,151666801876,64764122834,152792806514,696659,172.5,16.88,259.3
309,5780,250662,7240,42608,0,0,8893996268,19731675690,8897547666,696659,170.73,16.73,247.0
310,55170110,581203394,34769220,145800936,0,0,148130252708,46440530186,149307472846,794898,171.9,16.87,263.1
311,55878676,592476408,34444780,146105090,184,94208,147790541034,64134908824,148912569812,794898,172.02,16.94,246.9
312,56651982,594348342,36156388,151070032,0,0,154955749812,48464286370,156402164158,886763,171.09,16.83,253.6
313,9114,299686,10738,82618,3976,2035712,9325557766,20941909780,9345392090,886763,171.67,16.84,253.7
314,6466,203140,6054,32666,0,0,7220205150,16110687296,7222605532,886763,171.87,16.83,253.6
315,57801840,613642970,37488818,152968946,0,0,160708476196,50149314556,162026298758,969320,170.74,16.89,262.6
316,59066792,631859270,37492942,156695442,136,69632,168191427614,70467734544,169539530968,969320,172.14,16.99,247.8
317,59525194,622682614,37000704,155013342,0,0,150970166326,47768598510,152244235016,1075928,171.66,16.81,248.4
318,7614,330988,8906,67996,3928,2011136,8751494004,19245097740,8752163662,1075928,171.7,16.82,253.8
319,6028,239718,6580,39314,0,0,8852624620,19774629128,8855606910,1075928,170.36,16.85,253.9
320,59081284,618589226,36530950,153156084,0,0,147203473156,46575758434,148466184950,1153194,172.55,16.75,253.7
321,57348914,605396120,36149972,151710096,88,45056,160637680080,67785598486,161988473910,1153194,171.03,16.82,253.7
322,56410706,573515164,34467648,144580574,0,0,140795165654,44107936680,141930361612,1225920,171.98,16.71,253.7
323,8438,315970,6776,53262,3864,1978368,9787820792,22020146198,9800817918,1225920,171.83,16.71,253.7
324,5846,230176,6984,38968,0,0,8923785176,19956965992,8924454942,1225920,171.38,16.79,253.7
325,56603772,579392472,35055116,146575986,0,0,145624604062,45677725676,146895990864,1227685,171.27,16.71,253.8
326,55732934,593027686,34334614,145804554,96,49152,146490927092,63476420906,147623192342,1227685,173.24,16.86,253.7
327,57279044,583660850,35540528,147581456,0,0,145668545890,45795346700,147022846666,1227685,171.08,16.71,253.6
328,7678,167488,8118,37140,3920,2007040,8721159730,16476765336,8719908936,1227685,172.12,16.76,253.7
329,7942,47448,7862,16082,0,0,9543803770,14702822150,9545724706,1227685,172.64,16.8,253.8
330,58561246,599535736,36237922,149660822,0,0,149904166908,46987713668,151277955492,1227685,171.34,16.61,253.7
331,56388196,594228490,35961272,148194572,0,0,151383144086,47316848772,152666950234,1227685,172.04,16.82,253.8
332,21437888,216597400,12501868,50712460,0,0,58937691410,38051801238,60183863202,1227783,172.84,16.88,253.8
333,9614,41830,14646,20364,3728,1908736,10141722906,27357384162,10143227076,1227783,170.69,16.68,253.8
334,9588,36620,13508,16568,0,0,8129828396,21606536488,8131110500,1227783,171.92,16.87,253.9
335,744,1234,0,0,0,0,197528,65384,197524,1251343,172.25,16.69,253.8
336,62022,384658,11646,0,0,0,207002,3214920,59953852,1251343,171.52,16.76,253.8
337,13306,65596,17610,22884,0,0,10490642928,27373409848,10492347302,1251982,171.5,16.84,253.9
338,9814,36742,12406,16580,0,0,8375258696,22085028876,8377298770,1251982,172.8,16.77,253.8
339,11050,48830,18126,21056,0,0,10211808302,26907649260,10212580722,1251982,171.0,16.77,253.9
340,760,9412,102,0,0,0,333918,138510,333960,1253548,171.6,16.84,253.9
341,10390,48534,14666,20658,0,0,10147777360,27107728384,10149558982,1253548,173.19,16.86,253.9
342,29710500,315932568,18008272,79312402,0,0,69421096220,22643694592,70406696406,1253548,171.13,16.88,253.8
343,7676,236890,16310,53018,0,0,9073219176,20269476266,9076723448,1253548,171.11,16.75,253.9
344,9128,292602,16100,71860,0,0,9000141688,20058626792,9008529852,1253548,172.92,16.91,263.6
345,55742938,600842410,34710774,151354918,0,0,140080289936,44896525530,141110685250,1253842,170.94,16.81,246.9
346,58512728,598541130,36464430,153283076,0,0,155146457724,66221654942,156374235894,1253842,171.7,16.81,253.6
347,57351104,598276582,35987372,152657586,0,0,146298856582,46274332224,147586293614,1254323,173.2,16.92,264.0
348,5546,264578,8348,44614,0,0,8883466212,19816414526,8881037918,1254323,171.06,16.79,245.6
349,7206,254968,8270,40460,0,0,8923219710,19934162080,8921297880,1254323,171.71,16.79,255.4
350,56730910,599679218,37096930,151130100,0,0,155996659344,48856165840,157345611330,1256430,172.71,16.94,255.2
351,55944502,593821652,35050886,150019802,0,0,149889115800,65440863180,150946927270,1256430,171.34,16.8,255.0
352,56296612,585823602,36265178,149886766,0,0,153623039508,47968966738,154932459698,1256432,171.88,16.79,254.9
353,7298,285178,13140,59288,0,0,8977046294,20051169956,8985440292,1256432,172.45,16.92,254.9
354,7072,270030,6824,46260,0,0,9079355624,20155447570,9081082456,1256432,171.64,16.75,260.4
355,55988668,594384112,36344684,150139902,0,0,152795487280,47906344644,154097371330,982559,171.16,16.86,250.2
356,53852682,568702176,34493918,144717342,0,0,152545746824,64430731434,153481452972,982559,172.75,16.99,262.8
357,56717306,611691828,35311296,152888072,0,0,144094529912,45802855536,145450044670,54760,171.54,16.85,247.8
358,6372,292604,6042,44574,0,0,9535678548,21093131410,9539986282,54760,170.96,16.85,253.6
359,7558,283074,7764,47190,0,0,9034004324,20014652574,9036940496,54760,173.11,16.92,264.3
360,61210336,647857224,38695598,162433132,0,0,158491806414,49876858874,159866659072,54760,171.23,16.88,247.7
361,43720412,460130318,27608428,116715092,0,0,121538627306,51292845906,122558385074,54760,171.57,16.8,254.0
362,60130200,627063318,38083590,158080748,0,0,159831579484,49967458270,161183960682,111873,172.12,16.95,264.3
363,6272,259102,6096,40248,0,0,9650584044,21616426470,9656860582,111873,171.48,16.88,246.4
364,6640,264270,5752,43826,0,0,9060412928,19980794410,9071120074,111873,171.34,16.79,254.0
365,52600592,586508412,34411880,147921620,0,0,150365552988,47115143052,151597465382,111873,148.05,15.84,254.1
366,52839614,588449746,34186992,145952200,0,0,154584581944,65126999976,155556514112,111873,120.04,14.74,253.9
367,56728574,615139788,36294984,155020366,0,0,151911240716,47961060894,153502756332,111873,126.66,14.97,254.0
368,5802,225848,5244,36316,0,0,9230977076,20219150804,9233279724,111873,127.42,14.94,201.4
369,6530,252156,7254,44400,0,0,9888777706,22361940692,9894090138,111873,116.93,14.24,193.9
370,59687506,620496456,37726606,158158534,0,0,156652875456,49136716550,158135179022,319996,130.77,14.91,194.5
371,54955878,580712094,34878654,146386542,0,0,153729659732,64999883746,155051695612,319996,121.58,14.8,194.6
372,56750602,594118110,35892702,149681856,0,0,144303942578,45572251030,145609763518,431651,131.96,15.4,189.3
373,9492,258638,4228,41522,0,0,8763542008,19504674560,8754966520,431651,125.56,14.91,201.8
374,6986,274182,4504,44494,0,0,8694954734,18875755714,8697666686,431651,121.25,14.66,195.5
375,55969328,598271694,34668470,151724438,0,0,143064831534,45359858442,144289831380,523900,149.38,15.86,205.1
376,54120950,577728924,34535260,146092106,0,0,154331108470,64915703166,155693572728,523900,172.02,16.82,192.6
377,55943070,588591008,35295948,147914780,0,0,146377558806,45922618950,147667179182,633508,171.98,16.83,192.8
378,6190,268440,11518,48858,0,0,8793703822,19478212668,8803431166,633508,173.07,16.78,254.3
379,6170,246312,5880,39744,0,0,8983148078,19713034686,8982546792,633508,171.54,16.94,248.5
380,62086848,668246860,39980624,169372870,0,0,170605573500,53293081444,172057450288,729295,171.66,16.84,254.1
381,54814248,579847940,34980994,146816202,0,0,152925065822,64326006182,154043671202,729295,172.83,16.82,263.1
382,61566902,649136880,39446292,163192722,0,0,161428736268,50726634180,162975928030,840796,170.72,16.82,248.3
383,7140,247506,6656,42116,0,0,9210988848,20569097652,9211794272,840796,170.91,16.8,254.1
384,6934,279676,14148,81932,0,0,8977739786,20015507580,8979769442,840796,172.6,16.88,263.2
385,58064450,601086796,36508374,152927394,0,0,150006116276,47208822398,151080140848,925920,170.52,16.76,246.4
386,56270820,587073558,36237384,150403470,0,0,162987582404,68013762892,164490681600,925920,171.61,16.9,253.6
387,45326160,483170494,28731346,120246192,0,0,118289319676,37190098870,119136906022,1026908,172.56,16.89,253.7
388,6048,248758,6780,44996,0,0,9081447262,20220384436,9081232866,1026908,171.14,16.74,253.5
389,4840,256146,3120,40658,0,0,9453251688,20673849046,9456009796,1026908,171.09,16.81,253.6
390,53943008,580563966,33683898,145042482,0,0,138842193432,43804173420,140111877010,1113584,172.93,16.82,253.8
391,54143038,577715110,34196804,144720920,0,0,151548015762,64109155430,152715174288,1113584,170.94,16.81,253.7
392,69676714,722496694,43711260,184229540,0,0,181667334304,56926847866,183216448822,1188914,172.16,16.8,261.8
393,7020,230246,7764,37304,0,0,9035186196,20351204562,9039098018,1188914,171.48,16.77,261.2
394,4360,224046,7114,38156,0,0,9028313558,20190819510,9029152138,1188914,171.77,16.9,247.2
395,57084078,583373190,35889512,150286148,0,0,156335777144,65903263546,157639572682,1225634,170.79,16.81,254.1
396,0,0,0,0,0,0,0,0,0,1225634,173.1,16.97,254.0
397,57545884,629067214,35953364,155694422,0,0,147961033402,46590280576,149256057806,1225830,171.48,16.82,254.0
398,5518,253092,7074,39402,0,0,9397406432,20881855400,9399447976,1225830,171.74,16.65,253.9
399,6682,237178,7114,71532,0,0,8801636316,19026062002,8805853820,1225830,172.72,16.76,254.2
400,55215416,577341216,34432072,144492502,0,0,145304151414,63111316202,146728891920,1225830,171.82,16.84,254.0
401,55734632,570282202,35133882,147165396,0,0,146285156864,45727497114,147518476710,1225830,171.07,16.71,254.0
402,29363526,283785106,17133828,70173866,0,0,71887325886,24480033536,72941531640,1249806,172.88,16.83,254.2
403,10652,57352,13384,22918,0,0,10207430230,26735676866,10209168016,1249806,171.07,16.84,254.0
404,8684,42602,10314,17490,0,0,8090933778,21208575964,8092474064,1249806,171.61,16.68,254.0
405,7140016,11966902,1062164,2046330,0,0,14969139568,33575420848,15145858410,1251837,172.58,16.93,254.2
406,0,0,0,0,0,0,0,0,0,1251837,171.47,16.71,253.9
407,7047500,11956062,1076108,1705020,0,0,4948367666,7234141130,5017714996,1252708,171.83,16.76,254.0
408,12770,48506,12550,18366,0,0,8426759848,22005223066,8439170012,1252708,172.62,16.91,254.1
409,11370,53896,13368,22152,0,0,10287488216,27095290956,10278059448,1252708,171.4,16.79,254.0
410,1197886,2306364,177652,281422,0,0,8874553556,22663667304,8951117494,1254815,171.37,16.85,254.0
411,157626,528196,9908,0,0,0,26448828,31030204,26449356,1254815,172.35,16.93,254.2
412,0,0,0,0,0,0,0,0,0,1254815,171.88,16.73,254.0
413,15914,60208,17376,23432,0,0,10269816076,27223504174,10271319282,1254815,171.67,16.83,254.0
414,8820,42108,10330,16868,0,0,8081721198,21140447912,8083167968,1254815,172.46,16.89,254.1
415,13902,58426,17712,23340,0,0,10176426832,26468094570,10178095704,1254815,171.83,16.85,254.1
416,0,0,0,0,0,0,0,0,0,1254815,171.51,16.86,254.0
417,0,0,0,0,0,0,0,0,0,1255053,172.49,16.81,263.7
418,12428,45228,13968,18956,0,0,8201953360,21654577304,8202789816,1255053,171.98,16.85,247.5
419,10016,50292,12952,20936,0,0,10055327240,26252783872,10056895536,1255053,170.94,16.77,253.6
420,0,0,0,0,0,0,0,0,0,1255158,172.83,16.89,253.7
421,12172,57504,15940,23308,0,0,10175012142,26764028166,10176483696,1255158,172.27,16.88,253.7
422,0,0,0,0,0,0,0,0,0,1255158,171.76,16.69,253.6
423,12776,54300,15298,23156,0,0,10154743298,26569459570,10154943088,1255158,172.87,16.9,253.9
424,9488,40770,9872,17040,0,0,8022617524,20974401838,8025245198,1255158,172.05,16.8,253.9
425,0,0,0,0,0,0,0,0,0,1255207,171.58,16.85,253.8
426,9650,40542,10384,16672,0,0,8044322862,20918452426,8045137348,1255207,172.51,17.06,254.0
427,0,0,0,0,0,0,0,0,0,55404,172.3,16.87,254.0
428,10644,51460,14296,21994,0,0,10089429650,26318693808,10090141802,55404,171.33,16.81,253.9
429,8174,40258,10602,17738,0,0,8049461272,21114416590,8051396418,55404,172.05,16.81,263.1
430,0,0,0,0,0,0,0,0,0,55405,172.5,16.8,248.5
431,7628,42724,9444,15452,0,0,8023838472,20789925224,8024980946,55405,171.57,16.92,249.1
432,0,0,0,0,0,0,0,0,0,54761,171.91,16.87,249.7
433,11390,49596,11488,17806,0,0,8132993808,21164355044,8133089544,54761,172.91,16.94,250.3
434,10382,58658,14332,22168,0,0,10041759582,26316789682,10044885224,54761,170.86,16.83,250.7
435,0,0,0,0,0,0,0,0,0,55409,142.42,15.69,251.2
436,7984,47520,12268,19824,0,0,10049959622,26852997800,10051512064,55409,126.39,15.04,251.6
437,0,0,0,0,0,0,0,0,0,54512,124.0,14.89,251.8
438,8312,39376,11182,17194,0,0,8088103724,21268050136,8089314108,54512,128.39,15.07,211.8
439,10174,49248,14234,20886,0,0,10041595970,26501281202,10043568598,54512,121.08,14.76,196.9
440,0,0,0,0,0,0,0,0,0,34489,128.56,15.03,196.7
441,12836,65094,13946,21688,0,0,10075686506,26338690550,10077502768,34489,125.56,15.06,197.2
442,549916,2889608,101900,436612,0,0,571020378,638727692,621405862,34489,124.44,14.91,191.2
443,11836,55842,15532,23518,0,0,10308135760,26846206150,10298665268,34489,126.26,14.92,201.6
444,11656,46830,11680,17700,0,0,8055914176,21185055610,8057619386,34489,121.57,14.78,195.8
445,6998542,11964738,935326,2027872,0,0,4923036894,7294077712,5078676264,34489,128.36,15.01,195.8
446,5796682,9360410,636252,1562938,0,0,12076293054,27146056908,12095109606,34489,123.07,14.81,196.0
447,7220480,12023224,1010818,1991900,0,0,4918541348,7242211120,5044716442,34489,122.0,14.67,195.5
448,11212,46784,12792,17054,0,0,8314354038,21791072282,8303574114,34489,128.36,15.06,200.8
449,12874,57364,14800,22660,0,0,10112234392,27334173328,10114590080,34489,124.85,14.9,191.5
450,5847930,9799298,920786,1581352,0,0,3912054808,5846733334,4033062846,34489,131.03,15.2,191.9
451,6714862,11978894,1062962,1871282,0,0,15071548574,33445715302,15249263790,34489,123.12,14.7,199.2
452,5380950,9444404,1044824,1607868,0,0,3958053128,5788185908,4064770636,34489,120.89,14.64,198.8
453,12446,50922,11596,16872,0,0,8396012672,22501376866,8385682192,34489,127.78,15.03,199.4
454,10108,52572,13844,22496,0,0,10081067484,26200574790,10082736372,34489,122.18,14.75,191.5
455,0,0,0,0,0,0,0,0,0,34489,128.03,14.92,191.7
456,14570,56524,16380,23356,0,0,10130722692,27139685790,10134336436,34489,119.33,14.73,198.5
457,9662,51502,13878,18676,0,0,8188331620,21732722206,8187653486,34489,121.05,14.64,193.3
458,45452,120790,17498,24066,0,0,10169740230,26696930264,10171273650,34489,125.22,14.7,199.7
459,8032,53124,13066,22148,0,0,10065393098,26124332584,10067071920,34489,118.38,14.51,187.3
460,966,7036,458,204,0,0,253464,98390,253552,34489,125.36,14.77,187.8
461,8962,49196,11702,20606,0,0,10079338278,26443865012,10081765932,34489,118.38,14.63,194.7
462,3274128,5663196,521616,1256748,0,0,10499093576,24719887588,10602331312,34489,122.01,14.74,187.8
463,6571136,11645766,951590,1883220,0,0,15121062752,34191158296,15146257438,34489,124.83,14.76,195.3
464,11264,47320,11518,17928,0,0,8113085302,21245471402,8114602376,34489,115.49,14.22,187.3
465,7096288,11950432,1063026,1816214,0,0,4772087936,7269489460,5002654460,34489,126.14,14.85,187.8
466,5150670,9504758,716882,1156778,0,0,11733540306,27029812724,11916213524,34489,119.22,14.66,194.5
467,6581976,12415064,1218506,2155028,0,0,15517512642,35564764346,15735393596,34489,122.67,14.73,184.0
468,5259084,9738904,851464,1367058,0,0,11847793042,27003506392,12049484742,34489,124.62,14.68,196.1
469,9718,55888,13590,22604,0,0,10116548588,26786990996,10118016704,34489,115.07,14.25,188.6
470,29954,232326,16590,45384,0,0,35694994,23567190,35695586,34489,126.93,14.84,189.0
471,22016,74692,15428,25752,0,0,10095655402,26386034134,10097919970,34489,118.62,14.58,194.2
472,9066,50086,13848,18724,0,0,8159358102,21482037224,8160532026,34489,123.47,14.65,182.4
473,7986,11364,330,524,0,0,1546804,692488,1651768,34489,123.65,14.67,196.4
474,7754,49490,11232,18158,0,0,8097163004,21664907416,8099252666,34489,117.54,14.5,186.8
475,31070,171000,11176,44052,0,0,18194614,18848196,30731510,34489,128.41,14.99,192.2
476,58357232,862315412,30595534,192070216,0,0,180391492228,89626286078,181486572578,34489,118.57,15.06,192.2
477,43197630,698007732,22862218,145505850,0,0,141272460826,69263206234,141567339350,34489,127.07,15.0,185.6
478,66889740,961787844,33185896,202622376,0,0,196180810904,97002702048,196675380056,34489,126.05,14.96,198.1
479,7800,259946,8316,37958,0,0,7428254248,16598153738,7428309672,34489,124.76,15.04,187.4
480,70221450,963833706,34795810,206823978,0,0,186881420352,74282774996,187389853272,34489,132.79,15.34,196.3
481,9002,241870,7094,35134,0,0,7165530180,15794035986,7160212774,34489,117.25,14.36,196.2
482,72922580,972052114,36144160,211562580,0,0,199852578036,95948783916,200385057398,34489,129.94,15.26,195.9
483,48826678,700254082,25059338,150492846,0,0,144647534664,69658132316,144996871106,34489,128.22,15.22,203.3
484,26538,570256,28448,123242,0,0,7849695824,17699168490,7884241858,34489,128.76,15.35,185.4
485,71694766,922196458,34984950,200954222,0,0,180339949154,71111972992,180958644250,54330,134.5,15.56,199.7
486,69496718,942277770,35448630,204256562,0,0,194439004730,92282593234,194998739422,54330,120.03,14.62,199.5
487,8110,261480,9470,43646,0,0,7425441786,16599622412,7419988892,54426,125.86,14.94,199.4
488,76686808,973592020,36711904,208967182,0,0,189467410162,75129816602,190037908952,54426,124.5,14.81,205.8
489,7828,292668,8976,55280,0,0,8046197476,17789156802,8049648306,54426,122.76,14.78,189.3
490,50863746,673627312,25087966,146079920,0,0,130991020198,51426508172,131384810448,54426,129.05,15.18,189.9
491,25606,512002,22684,85952,0,0,9129556412,19849765998,9129940106,54426,121.34,15.07,190.3
492,67252840,857705466,33814652,191655342,0,0,179573292814,86846873034,180168034494,54426,123.8,14.73,190.4
493,66202848,887478350,32291108,189572542,0,0,180533693660,86746111262,180941436740,54426,120.38,14.48,198.9
494,15036,421864,11170,81114,0,0,8755413314,19550715916,8783461042,54426,117.77,14.29,190.6
495,52555428,718363924,26121870,151295894,0,0,138303416620,53864893686,138736480670,55070,128.14,15.03,190.7
496,74524240,985013166,37251508,212296336,0,0,203511474258,96910456688,204201610204,55070,122.0,14.96,190.6
497,64840546,937300516,31924280,195730140,0,0,189348463818,91416435938,189922087028,55096,126.88,15.05,183.0
498,51082408,726784132,25170332,156356066,0,0,147753602642,69938355840,148024008062,55096,124.52,14.91,197.7
499,12114,380916,7304,58704,0,0,9369443296,20643281046,9369292022,55096,121.46,14.9,190.9
500,50745926,679639346,24361578,145931722,0,0,130650026688,51172434176,131053984124,54439,128.95,15.08,191.4
501,69629238,984650452,34156782,205829978,0,0,194630300446,90452914794,195217239308,54439,121.17,14.83,191.8
502,63385086,886234244,33117368,192799856,0,0,181103842626,85295859712,181556192584,54439,126.37,14.92,191.4
503,63980848,943224032,32759580,202690154,0,0,189539349222,89910467068,190105765250,54439,122.44,14.76,198.9
504,27542,512384,29024,111040,0,0,7048601516,15883538178,7057250766,54439,122.97,14.73,189.7
505,69000504,964828204,35483490,207173018,0,0,188074392776,73517233250,188663415658,54439,128.63,15.02,195.2
506,54945316,776845970,27585584,163791584,0,0,157591233716,74357638402,158052332272,54439,118.03,14.61,194.8
507,66926652,959979990,33275350,203606218,0,0,193105799338,94118827822,193593001270,54497,127.31,14.97,194.1
508,55913298,716584218,26062368,148429278,0,0,143308418672,69660383448,143663157590,54497,145.12,15.71,194.7
509,20754,476746,23280,98310,0,0,8910918096,19878989486,8917997016,54497,178.09,17.04,186.8
510,61017536,873541282,29200390,178934380,0,0,163214023632,64316630298,163649789862,54497,179.01,16.85,195.2
511,65425514,893018224,32810134,195968030,0,0,182132618552,86594853108,182713831196,54497,178.61,16.88,219.1
512,62395978,934105262,32792768,200509040,0,0,190332982350,91286241586,190925054474,54529,177.41,16.97,261.2
513,50841016,684057556,24419050,144179842,0,0,136493609826,65670017488,136725605214,54529,179.12,16.85,261.3
514,29194,817334,34956,168622,0,0,6819544752,15316061896,6866455536,54529,178.45,16.98,261.4
515,69520610,949157702,34918072,203844468,0,0,184496263048,71720355074,185160030906,55203,177.42,16.77,261.3
516,64887660,846762680,31330162,182063198,0,0,173407212530,83578714806,173694716674,55203,177.57,16.83,261.4
517,48960298,712559648,24551458,153535324,0,0,143370880242,68726569234,143942073378,55178,179.0,16.94,261.5
518,70422748,971945500,35867926,212327216,0,0,198834285014,93638656680,199445671316,55178,177.58,16.99,261.3
519,6454,50714,4960,10726,0,0,7775562176,11705164334,7777475924,55178,177.89,16.89,261.3
520,65202742,956659368,31796658,201146208,0,0,179646911310,70213723286,180251307908,55180,178.72,17.03,261.4
521,50428784,740248684,25446400,157932578,0,0,147645821018,66109401302,147969144166,55180,178.43,16.93,261.3
522,7640,33410,4428,11358,0,0,9534615922,14302743850,9542624158,54529,177.8,17.02,261.3
523,60241482,857611290,28479280,175600242,0,0,161189656482,63324070658,161555870186,54529,178.44,16.99,261.4
524,8794,56636,5940,11800,0,0,10171269456,15300282536,10167654030,54529,178.56,16.93,261.5
525,64435964,892222664,33100774,194328968,0,0,173267162728,66731788580,173827226672,111785,178.03,16.94,261.4
526,50709104,691778112,24831330,148530702,0,0,140097009344,67117958014,140441082116,111785,179.15,16.99,261.4
527,68338104,949305580,32959794,196813600,0,0,188353672092,89493136782,188888547158,111785,178.98,17.02,261.5
528,66215674,879937266,33354578,194228432,0,0,181363141320,86455459906,181946862416,111785,178.43,16.9,261.5
529,23696,683166,23160,137830,0,0,8108702632,18093248620,8140190572,111785,178.37,16.86,261.5
530,54474154,780692678,26763380,165682812,0,0,148267205178,58361219870,148682957678,111785,179.19,16.8,261.7
531,65108896,882996196,32370088,193324828,0,0,179668171152,85560130568,180323509406,111785,178.55,16.81,261.7
532,67743546,863613888,33018194,189378922,0,0,177664238886,86471602798,178061536314,326466,177.13,16.82,261.6
533,52471716,694274242,24854954,144712836,0,0,129972007906,51065970992,130427204822,326466,178.93,16.87,261.7
534,8014,540838,15798,130530,0,0,8016207812,17838429962,8041060288,326466,178.82,16.76,261.8
535,66130416,860568726,33374238,191581344,0,0,170060294932,65618692360,170695284498,452153,177.5,16.8,261.5
536,8449588,95934298,3563362,19060498,0,0,29155793856,35600907672,29979344808,452153,179.57,16.84,261.6
537,9048,35126,10778,15774,0,0,8603704668,22407227542,8593280690,546067,178.69,16.85,261.7
538,0,0,312,410,0,0,1025596,303362,1025570,546067,178.48,16.78,261.6
539,9258,41802,14704,20548,0,0,10155276754,26635592258,10156243164,546067,178.98,16.92,261.8
540,15134,267722,17056,69044,0,0,59903496,44735642,59855218,653249,179.09,16.81,261.9
541,18066,56916,15212,20464,0,0,10180238002,26682839802,10181971016,653249,177.96,16.93,261.9
542,11234,40432,9974,15742,0,0,8074309322,21180535772,8074014654,729788,178.91,16.88,262.0
543,6088,10440,166,296,0,0,1069006,624206,1051152,729788,178.99,16.83,262.2
544,7996,34586,11480,16534,0,0,8365026426,22068389902,8354907156,729788,178.19,16.78,262.2
545,3438,4972,120,118,0,0,558218,249046,561356,829553,178.57,16.81,262.2
546,4744,416812,11880,89822,0,0,7941783178,18176465548,7940527562,829553,179.4,16.96,262.3
547,10382,569508,19688,94746,0,0,7469314940,16392481848,7471235534,896507,178.93,16.82,262.3
548,60551624,906551060,32316792,200554200,0,0,181755469946,70885019448,182275627436,896507,177.77,16.93,262.2
549,8062,551700,8750,121938,0,0,6154652442,13583257742,6179632226,896507,179.16,16.89,262.4
550,66880764,974006874,34247210,210915492,0,0,190804298310,75155199038,191337444310,1007158,178.62,16.79,262.5
551,9464,355576,8002,70122,0,0,6073354928,13355760218,6074055192,1007158,178.11,16.8,262.4
552,7480,326906,9938,67308,0,0,9040774894,19740893908,9057697478,1097303,178.56,16.84,262.6
553,56711130,879424658,29249762,189236584,0,0,170480850142,67398813734,170890132788,1097303,178.67,16.81,262.7
554,28100,556850,28482,114962,0,0,8748316862,19316710778,8753588810,1097303,177.3,16.85,262.8
555,61728646,831044194,32261990,188425510,0,0,168002095116,65479367458,168532927728,1159404,178.31,16.91,262.8
556,56490,916526,62914,143574,0,0,5948565408,13047198618,5942851354,1159404,178.56,16.83,262.9
557,9068,539442,8806,105394,0,0,8755542646,19577639220,8778062620,1245698,177.96,16.76,262.8
558,68396776,933537308,34359144,204052518,0,0,184434932536,71943691634,184989697716,1245698,178.47,16.86,262.7
559,6964,404592,11690,75582,0,0,5542954964,12240442884,5542792142,1245698,178.98,16.88,262.9
560,59254918,828084668,29890640,177811100,0,0,162624826954,64326093210,163014074000,1245698,178.85,16.78,262.8
561,63959750,874514110,32587074,192984032,0,0,183217974662,86999271392,183838824860,1245698,178.21,16.93,262.8
562,6834,306570,7068,66530,0,0,9822217754,21587215696,9851306358,1245698,179.46,16.85,263.0
563,60106766,897591044,30535092,188936694,0,0,172385334288,67595980992,172803379118,1245698,178.91,16.79,263.1
564,18590,423590,21788,89542,0,0,6670576918,14901319526,6655108120,1245698,177.85,16.88,263.1
565,73044254,1015255676,36975050,217164600,0,0,198355511264,76657925482,198813817034,1245698,178.03,16.96,263.3
566,50791250,655754498,24198134,139778016,0,0,131148725024,61316579214,131555168112,1245698,179.41,16.94,263.3
567,68457350,916565286,33859524,198363426,0,0,186623165208,87339441814,187142028374,1253515,177.93,16.8,263.3
568,73260082,968266914,35915090,206999772,0,0,198967436942,95353345188,199533815420,1253515,150.07,15.91,263.2
569,14512,414808,17946,78772,0,0,6091182840,13318088284,6090465354,1253515,123.59,14.74,263.3
570,70267586,949486666,33513898,201337702,0,0,181802375934,70947796974,182341135234,1254657,118.97,14.65,263.3
571,69216526,893929400,34587268,198279922,0,0,185651794080,86406339856,186146578882,1254657,129.28,15.08,250.0
572,56043404,706798034,26973776,153550740,0,0,146049702050,68895842838,146498472550,1254755,114.45,14.17,191.2
573,71352744,1016862320,35188448,214582038,0,0,203216768240,96004222046,203785246750,1254755,126.44,14.97,190.8
574,11726,347690,5134,52738,0,0,9333043086,20779263028,9337126608,1254755,122.19,14.72,196.7
575,47217914,718768922,24329158,152049186,0,0,139237549940,54264549628,139511327390,1254951,119.11,14.81,191.4
576,12942,586576,19532,152302,0,0,8021859140,17858643704,8060130780,1254951,125.65,14.92,190.9
577,9670,293488,3510,66756,0,0,7120896886,15793747256,7126716558,1254951,119.02,14.65,198.0
578,72105414,951737412,35028708,200673014,0,0,185806894242,72491673678,186333725586,1254951,145.74,15.73,184.9
579,9022,542276,18214,119570,0,0,5947804330,13149084342,5954813536,1254951,180.17,16.93,196.4
580,76473594,1058565830,36524234,221365252,0,0,201680700040,78810627416,202247326190,54532,178.22,16.68,196.1
581,71698966,924002090,35627784,203939378,0,0,193008065430,92165183828,193560163398,54532,178.39,16.75,196.2
582,52266372,727123026,26136902,155277188,0,0,147441739368,70350740744,147777269450,54532,178.57,16.73,265.4
583,65146778,925644840,31873618,194809080,0,0,186564115776,90549849964,187086905704,54532,178.85,16.89,265.2
584,7284,284622,5490,52390,0,0,6503515200,14795746622,6496524552,54532,177.97,16.76,264.8
585,68569440,960305880,34513144,206299806,0,0,186791623192,72965802020,187411548128,111194,178.73,16.77,264.7
586,68756320,905956472,33186210,193307218,0,0,184612760748,90049337050,184954731532,111194,179.44,16.8,264.5
587,53866918,708092048,26318852,156171668,0,0,140343171066,54826307592,140873998996,111194,177.54,16.89,264.4
588,15358,642302,13278,111416,0,0,8219928680,18533720580,8216251694,111194,178.78,16.81,264.2
589,29296,702046,26950,126082,0,0,8518012220,18750054160,8554125260,111194,179.02,16.83,264.3
590,44442366,646719652,22571564,139670994,0,0,125686713222,49018794410,126088319100,111194,178.45,16.92,264.1
591,16498,495336,25852,77506,0,0,9834378452,21958813104,9844389810,111194,177.89,16.79,263.9
592,63866850,897273452,31467294,191023014,0,0,183322399446,88526835462,183762086548,311363,179.6,16.88,264.1
593,50871786,706611392,24408748,150180126,0,0,135585143452,53765159768,135971860876,311363,178.46,16.91,263.9
594,10464,418248,12992,95032,0,0,9023203754,20261246586,9029784546,311363,177.32,16.78,263.8
595,60309364,849886660,29850906,180434200,0,0,162510871182,63712712436,163056496982,434245,179.25,16.74,263.9
596,65383538,892168612,31584328,192604304,0,0,181716105368,88477234134,182285531618,434245,179.04,16.88,263.9
597,48025164,680760234,24125484,150037034,0,0,133948816586,51799034412,134436399192,511127,178.43,16.69,263.7
598,8636,394318,6912,91212,0,0,9683818130,21054675346,9677319520,511127,178.47,16.87,263.6
599,8876,244292,5694,36836,0,0,7689478056,16757738478,7708324154,511127,179.14,16.84,263.7
600,73133798,955875062,35816328,208535358,0,0,187623681560,73427146466,188154033480,635687,178.22,16.86,263.7
601,9590,335646,8792,60066,0,0,9262398684,20210118180,9264728844,635687,178.99,16.87,263.7
602,63048398,856985962,30130942,181669488,0,0,163429732598,63982065720,164071094450,734685,178.81,16.86,263.7
603,5410,353728,11116,59204,0,0,6950964248,15631376078,6942590606,734685,178.68,16.87,263.7
604,11492,397064,6870,65100,0,0,8474295238,18453217144,8494240946,734685,177.95,16.86,263.6
605,64884098,894356616,32187794,193215784,0,0,173808600806,67994663050,174315567752,817193,179.72,16.8,263.7
606,10664,120398,11878,30490,0,0,10421151218,26865115988,10411600230,817193,178.49,16.69,263.7
607,798,970,68,90,0,0,194738,64234,198964,905497,178.68,16.65,263.6
608,10832,56908,13862,22518,0,0,10121674066,25955929404,10124716014,905497,179.51,16.75,263.6
609,8622,43946,10492,17564,0,0,8128819548,20928259890,8128566784,905497,178.73,16.72,263.8
610,53114,383098,15512,138,0,0,142700,53703994,62443480,999182,178.86,16.81,263.7
611,18382,50006,11888,16890,0,0,8125152680,22009882390,8126526194,999182,178.74,16.89,263.7
612,6714,12746,248,218,0,0,414052,272956,433984,1083978,179.54,16.88,263.8
613,7474,42884,11422,17624,0,0,8114686054,21677538698,8118981954,1083978,178.39,16.88,263.7
614,8322,51086,13762,19814,0,0,10131356050,26731548256,10132620264,1083978,178.63,16.78,263.7
615,3374,4890,108,136,0,0,178042,63796,186420,1168858,179.28,16.79,263.8
616,30888540,457275100,16298644,103915574,0,0,99549845704,57835092402,100382560322,1168858,178.24,16.8,263.9
617,54257760,894026556,29104354,192646486,0,0,176381024674,70317536832,176793597722,1248129,178.3,16.73,263.7
618,6274,330016,9332,84584,0,0,9555015514,21122193610,9584452106,1248129,179.04,16.89,263.8
619,32372,525016,30358,102536,0,0,6655703794,14721414664,6662999384,1248129,178.61,16.89,264.0
620,62491578,961300572,32838450,204503878,0,0,188308682466,73874828854,188912861482,1248178,178.02,16.77,264.0
621,49106752,684541444,25941836,152195264,0,0,143723197390,69190321514,144105035412,1248178,179.07,16.84,264.1
622,68162840,938336566,34200026,202901034,0,0,186127344300,73426990318,186739001520,1249207,178.86,16.75,264.3
623,14668,509298,17900,116668,0,0,8310425342,18222557256,8327684532,1249207,178.18,16.74,264.2
624,7366,291132,7376,53028,0,0,9347542046,20808668630,9356344700,1249207,178.64,16.82,264.2
625,52384108,676380608,26246952,150063118,0,0,136501622796,53112179580,136919666694,1251512,179.5,16.85,264.4
626,59035296,893578594,30062544,191265580,0,0,182641897530,87022790476,183071248102,1251512,178.17,16.78,264.4
627,48066422,738336036,24799354,160005114,0,0,144452681244,56658489062,144856951446,1252000,178.67,16.75,264.3
628,13882,568396,17026,105758,0,0,8944923332,19740786028,8955085444,1252000,179.38,16.88,264.4
629,20180,479506,23456,93946,0,0,6595899278,15038900742,6605099538,1252000,178.72,16.73,264.5
630,69359450,883710968,33980858,193099510,0,0,175238690622,69254174184,175644863230,1252147,178.36,16.71,264.4
631,7770,349520,7362,64150,0,0,10058919280,22621463068,10049178256,1252147,179.03,16.88,264.5
632,66256476,888962094,33470792,195563200,0,0,177776739678,69746008882,178346908466,1252276,178.83,16.8,264.6
633,12222,339796,14876,55266,0,0,8261232998,18222760206,8265872184,1252276,177.98,16.63,264.5
634,13342,392830,14586,81114,0,0,6682547694,14939061280,6676879852,1252276,178.96,16.84,264.6
635,66889858,953973172,33966752,205794518,0,0,187726800204,72867410156,188265686094,1254303,178.53,16.83,264.6
636,50024392,734045906,25655932,157088986,0,0,142459520388,55831104400,142871998928,1254303,178.84,16.71,264.6
637,70502156,1002634622,35549782,215120032,0,0,203678790970,96512879906,204258168312,1254303,178.52,16.79,264.5
638,7110,364174,7294,68024,0,0,9134600736,20728645974,9134788128,1254303,144.04,15.44,264.6
639,10248,572654,19242,124248,0,0,6644418048,14400064628,6664197248,1254303,113.74,14.55,264.6
640,54742304,721433074,26303022,155733792,0,0,141713227516,55648165510,142409049806,54533,125.61,14.94,264.5
641,68704944,921012578,34072722,201018336,0,0,193454315342,93007232580,194053149806,54533,124.08,14.87,263.9
642,66130478,891847492,32576866,193585896,0,0,176094474830,68829084646,176555876398,54533,114.15,14.56,190.1
643,16024,441460,14688,90622,0,0,9213169872,20597854896,9220167476,54533,127.54,14.86,183.2
644,12630,567222,12866,97726,0,0,7965864962,17666323430,7970835330,54533,114.74,14.52,199.9
645,54361584,731482290,27263796,157882548,0,0,145601382630,56633054270,146164246606,111850,125.23,14.99,187.8
646,60443640,887771022,30178380,189829332,0,0,180638145122,85874954398,181028336710,111850,122.84,14.72,193.1
647,15678,402386,21778,58486,0,0,7307859848,16277664216,7313801262,111850,120.08,14.67,193.5
648,65242616,910030664,32882400,198102302,0,0,181156941250,70335336282,181793188538,111850,158.19,15.98,182.1
649,5004,247642,7052,44874,0,0,9742723292,21492975026,9749303038,111850,179.49,16.58,199.9
650,62803438,863755248,31111948,190974348,0,0,169499527182,66716293298,169852315178,111850,178.09,16.57,191.4
651,56763470,676962168,27443952,152782906,0,0,136242088722,52709622570,136849640798,111850,179.24,16.53,191.6
652,69794622,864525014,34061626,191639748,0,0,182756580548,88712758002,183247794932,307679,178.97,16.64,272.4
653,15082,484568,10756,103948,0,0,9021557384,20030279918,9025268104,307679,177.99,16.8,264.0
654,14458,441452,15766,87834,0,0,8189827074,18401159354,8201630192,307679,177.84,16.81,264.0
655,66565812,892207462,33491212,197741492,0,0,177300983680,69262527274,177854326298,427302,179.46,16.77,264.2
656,14368,477620,21274,84736,0,0,6253445612,13816454252,6272793014,427302,178.63,16.87,264.2
657,64829662,897721096,31806206,192332554,0,0,184275250398,88449262744,184691393014,510880,177.67,16.87,264.1
658,70618402,934487870,35348500,205654470,0,0,186679152488,72408442050,187315905856,510880,179.25,16.72,264.2
659,6734,371222,7350,76852,0,0,6229569260,13675973124,6242784582,510880,179.08,16.71,264.4
660,75408156,897955638,35468908,194832474,0,0,177057483666,69146296472,177489698076,610551,178.14,16.89,264.3
661,70687260,949005302,34883814,208510104,0,0,196541163306,93876563738,197237790128,610551,178.6,16.9,264.3
662,56307884,710921046,26957278,156088028,0,0,149037370004,72361449206,149404608098,735403,179.2,16.89,264.4
663,10468,317534,9046,72774,0,0,9239652984,20736605454,9245069532,735403,177.68,16.8,264.5
664,6750,302872,5848,57604,0,0,8888132384,19618580302,8899997674,735403,178.4,16.83,264.4
665,68276440,955588762,34824172,209002852,0,0,190594221854,74214992880,191199795100,807610,179.46,16.94,264.5
666,51254672,683196888,24416322,145732106,0,0,133408116040,52447574118,133717344278,807610,178.32,16.86,264.5
667,66807208,895725222,33089300,197283980,0,0,188225280382,90410036534,188753359850,887185,178.84,16.74,264.3
668,13992,418654,7696,87950,0,0,8999925346,20467697990,9029844346,887185,179.16,16.68,264.4
669,9546,278958,7586,50144,0,0,9320403042,20552532776,9326081976,887185,179.04,16.76,264.5
670,55415168,681137952,26219986,148737732,0,0,135512766588,53197268458,135942233346,975784,177.38,16.79,264.4
671,60325784,867989252,30720462,190200682,0,0,180889013814,87334028848,181186019750,975784,179.48,16.64,264.4
672,66994504,934805000,33573314,200369270,0,0,191383105334,92286215350,192083904512,1084083,178.79,16.83,264.6
673,17470,316130,13334,52900,0,0,6727219746,15107548596,6727361110,1084083,178.4,16.82,264.7
674,12924,398822,13076,72986,0,0,9257454150,20657108802,9260287924,1084083,179.1,16.83,264.5
675,68330638,864973074,33501504,192209558,0,0,172608255452,67536214646,173060189244,1160837,179.03,16.91,264.6
676,24924978,251757400,9944146,52649418,0,0,59129282122,45519952244,59988625950,1160837,178.53,16.69,264.6
677,7473488,12561742,1054654,1930224,0,0,5091105164,7640644800,5248366020,1232551,178.58,16.69,264.6
678,5457796,9729916,744920,1693530,0,0,12207610498,28074464770,12249169028,1232551,179.42,16.72,264.6
679,10880,43684,13822,17936,0,0,8171346892,21958758326,8172269296,1232551,178.79,16.85,264.7
680,6188390,10675066,858620,1446278,0,0,4240329260,6436835190,4399747736,1249839,178.59,16.7,264.6
681,6924348,11660678,1255358,2147532,0,0,15011427720,34641516858,15176589356,1249839,179.29,16.84,264.6
682,4970826,9040534,860990,1843890,0,0,12055133728,27638631318,12183493676,1250739,178.9,16.85,264.7
683,5523382,8681000,848644,1873764,0,0,12084654352,28356396932,12158073194,1250739,178.43,16.99,264.6
684,15052,55206,17580,22144,0,0,10281815932,28222984008,10283356828,1250739,178.54,16.9,264.7
685,738,1354,136,146,0,0,202888,62902,215112,1250739,179.28,16.92,264.7
686,12794,48630,17268,21648,0,0,10240773036,27851941676,10242344130,1250739,178.56,16.97,264.8
687,10450,40822,12032,16746,0,0,8130566190,22113500728,8131266394,1251117,178.36,16.83,264.7
688,806,1334,110,108,0,0,199484,63254,206186,1251117,179.46,16.78,264.8
689,13210,47748,15718,21342,0,0,10182120744,27202704396,10183458078,1251117,179.05,16.82,264.8
690,782,1232,632,1194,0,0,2972950,1554230,2980492,1251523,178.38,16.82,264.8
691,812,1398,98,128,0,0,216010,63466,224798,1251523,179.29,16.97,264.7
